335.2873036044, 152.1539468620211, 85.3997319734912
335.2953239631205, 152.253624712349, 85.433214147934
335.3032860713123, 152.3533072325476, 85.46561628372
335.31119180538093, 152.45299423956874, 85.4970916210911
335.31904277537456, 152.55268557454906, 85.54550233423357
335.3268095107412, 152.65238350743508, 85.59186340693607
335.3344955726564, 152.7520876921629, 85.63637654713148
335.3421041719933, 152.8517978181087, 85.67923763492097
335.3496381793432, 152.95151360789774, 85.72063905359964
335.3571001309931, 153.05123481566005, 85.76077238376806
335.3644922302255, 153.15096122574755, 85.79983163517892
335.3718163430011, 153.25069265194838, 85.8380172724661
335.3790739866404, 153.35042893726524, 85.89203417235836
335.38623759841573, 153.45017202056593, 85.94382538597041
335.3933110467906, 153.54992153850003, 85.99361723572677
335.40029780701036, 153.64967716581816, 86.0416306132595
335.4072009704167, 153.74943861295574, 86.0880838083383
335.41402324885223, 153.8492056241215, 86.13319583583957
335.42076697328457, 153.94897797590687, 86.17719049809378
335.4274340853655, 154.04875547645935, 86.22030153528193
335.4340261200271, 154.1485379652989, 86.27256012336407
335.4405271419055, 154.24832642512538, 86.32266755539219
335.4469408923423, 154.34812053219255, 86.37084283715312
335.4532707319117, 154.44791999677543, 86.41729975782393
335.459519649386, 154.54772456095162, 86.46224963519111
335.4656902659334, 154.64753399683534, 86.5059045460993
335.4717848336991, 154.74734810527573, 86.5484812733338
335.4778052275181, 154.84716671505498, 86.59531533131151
335.48374402675347, 154.94699021260763, 86.64013301047558
335.48960474063654, 155.04681832504485, 86.68312889874959
335.4953905398828, 155.1466508073694, 86.72449138927439
335.501104267396, 155.2464874405153, 86.76440482339187
335.50674844524906, 155.34632802973812, 86.80305193979063
335.51232527740615, 155.44617240335572, 86.84061677876326
335.51783664739037, 155.5460204118531, 86.88158511571045
335.52327662141374, 155.64587233563338, 86.9207933314651
335.52864826425326, 155.74572795867587, 86.95841170351058
335.53395434428734, 155.8455870870251, 86.99460515076368
335.5391973427726, 155.9454495472736, 87.02953512038123
335.54437945983966, 156.04531518532144, 87.06336174719718
335.5495026167312, 156.14518386541417, 87.10375047953738
335.55455537328925, 156.24505613209098, 87.1424530395546
335.5595406662718, 156.3449317890544, 87.17963817887494
335.5644611385966, 156.44481066045424, 87.21547019681257
335.5693191470464, 156.54469258952003, 87.26357196402024
335.57409329949724, 156.64457856185035, 87.3097011869798
335.5787870315317, 156.74446834551009, 87.37281604394703
335.5833707259447, 156.84436323900084, 87.45559197139762
335.5878100962255, 156.9442646503598, 87.53480660970622
335.5921113429864, 157.04417210391708, 87.6351338684046
335.59623764119584, 157.14408693596462, 87.75227676353107
335.60015965213023, 157.24400999551662, 87.86448433386873
335.6038859671934, 157.3439405442795, 87.98613891224332
335.607400094186, 157.4438787797626, 88.1026946539656
335.6107109115485, 157.54382395717698, 88.22157791947069
335.6138143452436, 157.64377578907266, 88.33540949050143
335.61671919507114, 157.743733589406, 88.44468407850161
335.61943340007946, 157.84369674807544, 88.55100942034869
335.6219620961589, 157.94366477144362, 88.65297419463337
335.62431288313104, 158.04363713662826, 88.7491625555518
335.6264958329027, 158.14361330744057, 88.84132797405337
335.62851795924996, 158.24359286037534, 88.92735370324802
335.63038997085266, 158.34357533670274, 89.00976369050832
335.6321181732119, 158.44356040217056, 89.08717103117226
335.6337112929158, 158.5435477112133, 89.16105093222868
335.6351754829429, 158.64353699137655, 89.23174648532921
335.63651629809675, 158.74352800204613, 89.3004395946752
335.6377372310001, 158.84352054838257, 89.3662221306813
335.63884335949723, 158.94351443059418, 89.43137719338968
335.6398357772238, 159.0435095060082, 89.4937912977579
335.64071926658556, 159.14350560316478, 89.55654665972129
335.641493230945, 159.24350260801577, 89.61662956229043
335.64216233359156, 159.34350036949897, 89.67430118880442
335.64273078219264, 159.44349875381687, 89.73160935058719
335.64319921053095, 159.5434976566853, 89.78652529183617
335.64357179332166, 159.64349696259322, 89.83928844270204
335.64385228753594, 159.74349656920742, 89.88846348807236
335.6440469553499, 159.84349637972946, 89.93557741305591
335.64415939395167, 159.94349631651724, 89.98083550648755
335.6441928423022, 160.04349631092327, 90.01759695335942
335.6441621298252, 160.143496306207, 90.05277517602578
335.6440700197797, 160.2434962637857, 90.08652291142562
335.6439190088688, 160.34349614976415, 90.11898802517577
335.6437113357371, 160.44349593412326, 90.13676701975004
335.6434726324835, 160.54349564922663, 90.15378402943469
335.6432042290407, 160.64349528902395, 90.17011298341113
335.6429073263108, 160.7434948482668, 90.18582551542175
335.64258300017156, 160.8434943223282, 90.20099178889089
335.64223220404244, 160.9434937070367, 90.19491392830918
335.64189201571793, 161.04349312839454, 90.18908664401457
335.641561997866, 161.14349258383416, 90.18348447030542
335.6412417576001, 161.2434920710637, 90.17808255544843
335.6409309454072, 161.34349158804145, 90.15333826495602
335.6406633199674, 161.44349122992392, 90.12965194641365
335.6404370348259, 161.54349097389877, 90.10692066832077
335.6402504231641, 161.64349079977904, 90.08504465186097
335.6401019923, 161.7434906896204, 90.06392611421042
335.63999042020606, 161.8434906273787, 90.03447540969691
335.6399302492687, 161.943490609276, 90.00627127832112
335.6399193038232, 162.043490608677, 89.97919099556256
335.63995562238654, 162.1434906020818, 89.95311537745273
335.6400374514806, 162.2434905686018, 89.92792736089237
335.6401632419327, 162.3434904894856, 89.91210661797255
335.6403166447633, 162.44349037182337, 89.89694981166073
335.6404965011744, 162.5434902100816, 89.88239090481095
335.6407017676244, 162.64348999940978, 89.86836566453853
335.64093151267855, 162.74348973549547, 89.85481087908018
335.64118491522714, 162.8434894144307, 89.87224349019121
335.6414078922161, 162.94348916583672, 89.8889558267581
335.6416017007386, 163.04348897802782, 89.90502089311893
335.6417674704762, 163.1434888406297, 89.92050990453417
335.6419062068206, 163.24348874439076, 89.98690800261858
335.64192905666636, 163.3434887417802, 90.050484045294
335.6418409453967, 163.4434887029622, 90.1115144649026
335.641646316062, 163.54348851355914, 90.17026751984473
335.64134914361637, 163.64348807200085, 90.22700645274962
335.6409529436506, 163.7434872871257, 90.3321043047695
335.6403733155384, 163.84348560726784, 90.43290000845197
335.63961776967903, 163.94348275297938, 90.52983439162745
335.63869304739615, 164.04347847733146, 90.62333824073622
335.6376051383917, 164.14347255942636, 90.7258277530106
335.63633836386515, 164.24346453551593, 90.8240130929672
335.63490023928676, 164.34345419396968, 90.91832177316867
335.63329753405475, 164.44344134982452, 91.0091695818779
335.6315362919314, 164.54342583875248, 91.09696563405244
335.6296218426858, 164.64340751149348, 91.12791415289593
335.6276533882664, 164.74338813555232, 91.15758254542658
335.62563316303294, 164.84336772691978, 91.18610038190015
335.62356317519556, 164.94334630037605, 91.21359403152987
335.621445212409, 165.0433238690284, 91.24018826455251
335.6192808445711, 165.14330044384403, 91.13105994571296
335.6173069007743, 165.2432809596753, 91.02651579738651
335.61551538857077, 165.3432649108076, 90.92610067114067
335.61389910835925, 165.44325184814582, 90.82937192035462
335.6124516318362, 165.54324137165563, 90.73589402799382
335.61116728977487, 165.64323312364283, 90.64523236447307
335.61004117065755, 165.74322678272046, 90.34930090250617
335.60943152935107, 165.84322492439057, 90.06580643831515
335.6093166754746, 165.9432248584335, 89.79351966185324
335.6096770508687, 166.04322420907926, 89.53124489586838
335.6104951737372, 166.14322086239812, 89.27780578504077
335.6117556070498, 166.24321291862194, 89.03202864768738
335.613444955402, 166.34319864811442, 88.79272238900325
335.615551896415, 166.4431764496484, 88.35010553043647
335.61843110754285, 166.54313499177104, 87.92585440515202
335.6220503838982, 166.6430694745018, 87.51813592195009
335.62638069938845, 166.74297567234635, 87.12516246033518
335.63139613237325, 166.84284982031255, 86.74517010564675
335.6370738273075, 166.9426885091072, 86.37639307037969
335.64339399928866, 167.04248858639238, 86.01703254691172
335.6503399913674, 167.14224706068927, 85.5336293486834
335.658127386241, 167.24194338199092, 85.07079722280741
335.6667198596297, 167.3415735450996, 84.62654796001415
335.6760845606579, 167.441134091375, 84.19895134181313
335.6861920112587, 167.54062197728254, 83.78611338335405
335.69701604146866, 167.64003445320992, 83.38615114431539
335.70853376680924, 167.73936894874385, 82.99716253724421
335.72072561652783, 167.83862296025188, 82.61718882868514
335.73357542530744, 167.93779393591677, 82.2194738986669
335.7471133078684, 168.03687332699164, 81.83864880950415
335.7613094327446, 168.13586054858362, 81.47307071253582
335.7761368564368, 168.2347551768839, 81.12114442677704
335.79157143435646, 168.3335568661632, 80.78130411111447
335.8075917630058, 168.43226527041517, 80.45199205374077
335.8241791583364, 168.5308799666635, 80.13163323720804
335.84131767745276, 168.62940037654133, 79.81860371062045
335.85899419411373, 168.72782568202084, 79.57969295789512
335.87708096771115, 168.82617642487943, 79.35107167808985
335.89556003483295, 168.9244542152408, 79.13175010344672
335.9144151615939, 169.02266055004068, 78.92076988278374
335.9336317848446, 169.12079678896822, 78.71719329555623
335.95319697213995, 169.21886413035207, 78.52009091273625
335.9730994030444, 169.31686358567757, 78.32852695878628
335.99332937560706, 169.41479595116576, 78.1415412895071
336.01387884367335, 169.5126617744249, 77.9581263633317
336.0347414934342, 169.61046131350847, 77.91278591915483
336.05568152934535, 169.7082443125218, 77.86933019358787
336.0766957223012, 169.80601140153652, 77.82756957745391
336.0977811682139, 169.90376314817394, 77.78731931562145
336.11893527948035, 170.00150005817486, 77.74839719627529
336.14015578041375, 170.09922257523277, 77.71062084840037
336.1614407073013, 170.1969310799158, 77.67380446037953
336.18278841406965, 170.29462588743255, 77.63775464284353
336.20419758501, 170.39230724389142, 77.73414699381054
336.2254423901425, 170.4900244801135, 77.82647379628688
336.24652970555246, 170.58777582347412, 77.9151368207156
336.26746572931444, 170.68555968159518, 78.00052650959702
336.2882559995436, 170.78337463272126, 78.08302666665173
336.3089054045822, 170.88121941833373, 78.16301989073243
336.3294181840182, 170.97909293814277, 78.2408941115159
336.349797918623, 171.07699424772258, 78.31705075163839
336.37004750639755, 171.17492255923136, 78.4903172819402
336.3900008598225, 171.27291165906956, 78.65630665707934
336.40967024949947, 171.37095815370213, 78.81574087780054
336.4290667340936, 171.46905900173817, 78.9693221687282
336.4482001900758, 171.5672114895425, 79.11774147941742
336.4670793273892, 171.6654132113925, 79.26168836658783
336.48571168856665, 171.76366205422002, 79.40186291571112
336.50410362770094, 171.86195618718267, 79.60206495916255
336.52215199738964, 171.9603139847972, 79.79368994387671
336.53987131038394, 172.0587315947408, 79.97756869760137
336.55727468205055, 172.1572055641674, 80.15450639813689
336.5743738692755, 172.2557328080964, 80.32529179337516
336.59117929416976, 172.35431058294512, 80.49070778248183
336.60770005009795, 172.45293646506315, 80.65154401202102
336.62394388643855, 172.55160833431137, 80.84785943250523
336.63984954368584, 172.65033528132955, 81.03597613152448
336.6554309699669, 172.7491139184686, 81.2167127252439
336.67070072710544, 172.84794121488477, 81.39086625448007
336.68567002341405, 172.9468144679314, 81.5592219692383
336.7003487301547, 173.0457312792853, 81.75065948886134
336.71469685323916, 173.14469658312433, 81.93386075720632
336.7287284653893, 173.24370725861172, 82.10961983688583
336.7424562893607, 173.3427605112035, 82.2787056848243
336.75589173745277, 173.44185384465516, 82.44187086276806
336.7690449364664, 173.54098503730262, 82.61975120161641
336.78189031012425, 173.6401565875355, 82.79013994286503
336.79444070664266, 173.73936589933248, 82.95377785231341
336.8067077085519, 173.83861065065042, 83.11138504343305
336.8187016654653, 173.93788877008043, 83.27413034164744
336.83041358070346, 174.03720055710218, 83.43008885550061
336.84185512723957, 174.13654385588404, 83.57993984770123
336.85303681315196, 174.23591673900694, 83.72123451525522
336.86397340610205, 174.33531689461367, 83.85657366069742
336.8746751742908, 174.43474260636688, 83.98654595815701
336.8851513734266, 174.53419233865245, 84.08789986780266
336.89545163372094, 174.63366044729975, 84.18505755868067
336.9055832090668, 174.7331458793037, 84.23331980472675
336.9156309807571, 174.83263981019428, 84.27954490238184
336.9255984794575, 174.93214181504675, 84.27074399098044
336.93558126203385, 175.03164228766892, 84.26231716197194
336.94557867862494, 175.13114129098807, 84.20791814066905
336.95567055923163, 175.23063075749494, 84.15583881789534
336.9658528671701, 175.330111009832, 84.08079062791519
336.97616546935257, 175.42957783966096, 84.00896622435165
336.9866027522647, 175.5290316637474, 83.94005373896665
336.99715964566224, 175.62847286246196, 83.8837870340435
337.0078141891148, 175.72790364594383, 83.8298511793583
337.01856232782103, 175.82732435562926, 83.82729993008367
337.0293148934921, 175.92674458662623, 83.82485858300296
337.04007169540415, 176.02616435937102, 83.8225165378044
337.05083256122964, 176.1255836923334, 83.82026353273685
337.06159733644927, 176.22500260207633, 83.8990856060645
337.0722253304638, 176.3244362268882, 83.97467516213614
337.0827221338152, 176.42388378653348, 84.04736275528983
337.0930927658176, 176.52334458278946, 84.20843670738614
337.1031837459749, 176.6228341406308, 84.36264940765233
337.11300691183277, 176.72235049814316, 84.51067043970808
337.1225729492267, 176.8218919012304, 84.65314936295168
337.131891425071, 176.92145678463785, 84.87529709198525
337.14082379794974, 177.0210570492698, 85.08784147592048
337.1493866331436, 177.12068976404484, 85.29170268788205
337.15759491676636, 177.22035231508568, 85.48777107922638
337.16546210385854, 177.32004237159714, 85.67691711295603
337.1730001497664, 177.41975785617146, 85.92106089837498
337.1801132295877, 177.51950455584347, 86.15466118670615
337.1868195747292, 177.61927942710292, 86.37872887694269
337.19313567810394, 177.7190797619629, 86.59424231266188
337.1990763468036, 177.8189031482779, 86.80215820709459
337.2046547363903, 177.9187474348927, 87.0034241191354
337.20988236398017, 178.01861070096078, 87.2247114899536
337.2147242623114, 178.11849341228034, 87.43662953877208
337.21919669540824, 178.21839334892795, 87.64009805021131
337.2233143368495, 178.31830853810837, 87.83601033960859
337.2270903134308, 178.41823722268322, 88.0252437989239
337.2305362308624, 178.518177833313, 88.20867209664496
337.2336621785389, 178.61812896362738, 88.38261938457772
337.2364846653517, 178.71808912353217, 88.54920032578539
337.2390165178859, 178.8180570670078, 88.70913861155492
337.24126930543366, 178.9180316885288, 88.86313704726572
337.2432533754049, 179.01801200392313, 89.01188587140058
337.2449778744117, 179.11799713333335, 89.15607237438104
337.2464507527244, 179.21798628589238, 89.27516144885405
337.24771580090635, 179.3179782838377, 89.38918726147429
337.2487818500533, 179.41797260137233, 89.49864532998613
337.2496568678581, 179.51796877301825, 89.6040165027695
337.2503479839373, 179.61796638478256, 89.70577260513599
337.2508615053593, 179.71796506625262, 89.80438294861494
337.25120292085796, 179.8179644834282, 89.87516093539024
337.2514208059568, 179.91796424605835, 89.94295581664481
337.2515203668222, 180.0179641964965, 90.00806270531966
337.25150629474683, 180.1179641955064, 90.07076842750953
337.2513827805716, 180.21796411922762, 90.13135497625922
337.25115352308995, 180.3179638564323, 90.17116523706554
337.25085478383915, 180.4179634102056, 90.20926739839709
337.25048954413927, 180.51796274320319, 90.24582696019765
337.25006049647106, 180.61796182278945, 90.28100425245171
337.24957005349546, 180.71796062011066, 90.31495627608052
337.24902035386214, 180.8179591092508, 90.33570733868537
337.24843443737626, 180.91795739274542, 90.35558540452796
337.2478138277521, 181.01795546694535, 90.37467704754357
337.2471598976017, 181.11795332879927, 90.39306643806178
337.2464738726306, 181.21795097562028, 90.40317091447487
337.2457702124469, 181.31794849990138, 90.41285107423313
337.2450496576257, 181.41794590387144, 90.42214908930451
337.2443128751376, 181.51794318959244, 90.4251503142512
337.24357085466704, 181.61794043658264, 90.42802332708177
337.2428238199821, 181.71793764623962, 90.43078061448087
337.242071973058, 181.8179348198307, 90.42648056229974
337.2413276309307, 181.9179320495663, 90.42236080764916
337.24059047893445, 182.01792933256405, 90.40847808053047
337.239877556231, 182.11792679123786, 90.39517889971171
337.239187844406, 182.21792441269756, 90.37061392139736
337.2385410055985, 182.31792232067346, 90.33854820914905
337.23795013094417, 182.41792057499393, 90.3078340225508
337.23741286180467, 182.51791913169288, 90.27802864094161
337.2369276121891, 182.61791795435, 90.24945374924535
337.236492234639, 182.71791700657744, 90.23493117669524
337.23608220353304, 182.81791616594637, 90.22101353057283
337.23569646310966, 182.91791542196523, 90.20764009976466
337.2353340635629, 183.01791476529593, 90.22467038572437
337.23494194077153, 183.11791399649155, 90.2409929472241
337.2345213299714, 183.2179131119204, 90.25667901387533
337.2340733420786, 183.3179121084496, 90.316249871563
337.2335213847295, 183.41791058515344, 90.37324326592737
337.2328699569468, 183.51790846334015, 90.42790650333905
337.23212312615203, 183.61790567452007, 90.48047880605499
337.2312845422657, 183.71790215834358, 90.53119399682994
337.2303574471258, 183.81789786072423, 90.6384440788278
337.2292431750586, 183.91789165252032, 90.7412578108789
337.22794947220785, 184.01788328383483, 90.8400839615518
337.2264833016301, 184.11787253497633, 90.93536022073751
337.22485086258797, 184.21785920980238, 91.09444597762773
337.2229408101683, 184.31784096663708, 91.24681610115708
337.2207648772976, 184.41781729041497, 91.39313301315622
337.21833364107516, 184.5177877314985, 91.53404038258665
337.21565655539325, 184.6177518911371, 91.7473351785539
337.2126073528971, 184.717705392147, 91.9515234604254
337.20920196044784, 184.81764739183814, 92.14749064896598
337.2054547596939, 184.91757715960784, 92.33609537663517
337.20137863367626, 185.01749405105613, 92.61226163815014
337.19682095640206, 185.11739013495267, 92.87677463656586
337.1918021468031, 185.21726411329644, 93.13078136042702
337.1863406212942, 185.3171148606102, 93.37539656189657
337.1804528499986, 185.41694138087996, 93.72807577351773
337.17395072061896, 185.51672976854871, 94.06633832964765
337.1668595777584, 185.61647803015228, 94.39165532046775
337.15920219631596, 185.7161844216698, 94.83775800110124
337.1507687447817, 185.81582817157525, 95.2651729014069
337.14159221262054, 185.91540623772184, 95.6757435795463
337.1317023646505, 186.01491599054603, 96.07126474035941
337.1211258273742, 186.11435510186166, 96.59285358143896
337.1096445026071, 186.21369381124322, 97.09298138178795
337.0972965108932, 186.31292851838055, 97.57380371233792
337.08411619275984, 186.41205610895906, 98.03742633910036
337.0701342000554, 186.51107380374143, 98.61004248577727
337.0551633355685, 186.60994681935497, 99.15873665102009
337.03924631264726, 186.70867193460597, 99.68586054584426
337.0224217003967, 186.80724643649472, 100.19370549195504
337.00472403883373, 186.90566794214874, 100.68452918237486
336.98618391015873, 187.00393423152974, 101.24175281765721
336.96668899563014, 187.10201556669358, 101.77559335030932
336.94628108974035, 187.19991100773754, 102.28833931723533
336.92499793612234, 187.29761989869468, 102.78221858188672
336.9028733506304, 187.39514170506027, 103.2594241039023
336.87993730154636, 187.49247585966395, 103.72214408938312
336.8562159395729, 187.58962161091497, 104.19378145994229
336.8316957229075, 187.68656880775265, 104.64599917931479
336.8064111039296, 187.78331945655222, 105.0807511530808
336.78039309014355, 187.87987546599044, 105.49994565488466
336.7536693439362, 187.97623853665885, 105.90546896066725
336.7262642422392, 188.07241005219737, 106.28213283556099
336.6982275033609, 188.1683993290624, 106.64256058949523
336.66958748815966, 188.26421033849905, 106.9883056137425
336.6403698370065, 188.35984677957197, 107.32087213707163
336.6105975708289, 188.45531202019203, 107.64173186003337
336.5802911633412, 188.5506090383258, 107.95234301096549
336.5494685807423, 188.64574036020213, 108.21530239569599
336.51820971841886, 188.7407292202134, 108.46719101713344
336.48653356133957, 188.83557973983608, 108.70910189130885
336.45445721549527, 188.9302956732226, 108.94209773645755
336.42199596936064, 189.02488038392886, 109.16722367079785
336.38916333357423, 189.11933681847577, 109.35007327797564
336.35602942405825, 189.21368799250232, 109.52526794570227
336.3226071700585, 189.30793741126752, 109.6935699625077
336.28890821011225, 189.40208824821835, 109.85572118363982
336.2549429317615, 189.49614333774866, 109.99304526901494
336.2207523239475, 189.59011675067651, 110.12464500481806
336.1863459637999, 189.68401138514193, 110.25109382656154
336.15173246700914, 189.77782985794934, 110.37164852507793
336.11692164574714, 189.87157529369458, 110.48715453530065
336.08192190828447, 189.96525036176257, 110.613899193253
336.04671503692146, 190.05884777737234, 110.73518371427683
336.011310116245, 190.15237045693132, 110.85153427525746
335.97571535215894, 190.2458210469223, 110.9957956587672
335.9398854078765, 190.33918171901024, 111.13410861986834
335.9038301940026, 190.43245562507462, 111.3140043442615
335.867482299465, 190.525615866394, 111.48639146486315
335.8308542765222, 190.6186663254756, 111.71049075723079
335.79386258915946, 190.71157281107298, 111.92502019753869
335.7565232972581, 190.80434013980624, 112.13090979622956
335.71885089226646, 190.89697269295115, 112.40095025972998
335.6807423212622, 190.98942666428832, 112.659725164815
335.64221657438804, 191.08170757687478, 112.90835879522503
335.60329074075264, 191.1738204395802, 113.23515336561861
335.56384016440074, 191.2657097862179, 113.54857908427323
335.523887517539, 191.35738195216123, 113.95265587958276
335.4832893543548, 191.4487700758211, 114.33955615052307
335.44207500638515, 191.53988197142996, 114.71094829604026
335.4002709396473, 191.63072480276068, 115.1933338784373
335.35770353805896, 191.7212124611568, 115.65568527168982
335.3144073352775, 191.81135367717204, 116.24570235910889
335.2701851936416, 191.90104426859128, 116.81060803021539
335.2250809145606, 191.990294501132, 117.35281436454562
335.17913406724523, 192.07911390904368, 118.03679163986592
335.132130223472, 192.16737850370396, 118.6927618001571
335.0841189551351, 192.25509918605815, 119.4884067957457
335.03489421087374, 192.34214471754828, 120.25111110613045
334.9845151379891, 192.42852729111078, 121.14376447139016
334.9327964155756, 192.5141145200174, 121.99928718895258
334.8798055442045, 192.5989199888937, 122.9689854246851
334.8253870464593, 192.68281651506229, 123.89838461709415
334.7696148756994, 192.76581931603147, 124.922975812509
334.7123674045723, 192.84781155377112, 125.90519045456868
334.65372283092984, 192.92881040550554, 126.9633832008727
334.59359238039525, 193.00871240121594, 127.97797268533925
334.5320565324194, 193.08753713980667, 129.04625610003458
334.4690617731853, 193.16520090425982, 130.07039616398603
334.4046889411015, 193.24172631500363, 131.1207015027333
334.3389241938611, 193.31705889773121, 132.12697729342077
334.271846604015, 193.3912249070646, 133.09335722971758
334.2035276924771, 193.46424905598997, 134.05259156775915
334.1339958567904, 193.53611924331432, 134.9724989812213
334.06331912676217, 193.6068638532328, 135.85691137787532
333.9915588525976, 193.67650911905776, 136.6986820311672
333.91878315443194, 193.74509262842042, 137.5061210971028
333.84504820361866, 193.8126437722195, 138.28263438005456
333.77040455110273, 193.87918943428008, 138.99429469599252
333.6949401262503, 193.94480285197562, 139.67667928255383
333.61869962544876, 194.0095128669465, 140.33269304263402
333.54172323430066, 194.073345736268, 140.9181033918725
333.464098670396, 194.13638879360673, 141.47900412962306
333.38586067183115, 194.1986689315366, 142.01779657293133
333.3070404772853, 194.26021059979274, 142.49537852859882
333.22771005377734, 194.32109314167508, 142.95252260201684
333.14789639880007, 194.38134080120776, 143.3911917679904
333.0676238181526, 194.4409756299255, 143.81328980451386
332.9869140899607, 194.50001747758623, 144.19253413736982
332.905815330976, 194.55852381306494, 144.55605298445056
332.8243470074079, 194.61651443519474, 144.90542149722089
332.74252659516077, 194.6740072185655, 145.238326328362
332.66037351641427, 194.7310236342058, 145.55706405366797
332.5779045268875, 194.78758215050917, 145.863012700841
332.49513470273564, 194.84369949372734, 146.15750963296637
332.4120775333602, 194.8993906655173, 146.45548063879002
332.32873186234633, 194.95464914109562, 146.74107411967435
332.24511178941725, 195.00949149154977, 147.01553074555028
332.16122997257423, 195.06393265982442, 147.28005983891907
332.0770977009982, 195.11798597498137, 147.56260946081966
331.99269989383885, 195.1716237428944, 147.83358946506428
331.90804935207007, 195.2248617535471, 148.09418067947863
331.82315755089786, 195.27771420943833, 148.34553715081316
331.7380347037519, 195.3301937377686, 148.62281995228557
331.6526588798512, 195.38226070131816, 148.88873177224815
331.5670423315879, 195.43393087321147, 149.1444311964737
331.4811960432018, 195.48521844256626, 149.39105020898933
331.3951297929474, 195.5361360285965, 149.66450052584023
331.30882151411595, 195.58664227578583, 149.92649646831092
331.22228318891615, 195.63675333516014, 150.17817545922716
331.13552558011395, 195.6864837817188, 150.42064443475186
331.04855829542265, 195.73584663610777, 150.65499324195684
330.9613898368605, 195.78485336862386, 150.91094479020535
330.8740033260451, 195.83347021475262, 151.1564101458947
330.7864093345653, 195.88171223644147, 151.39245963866006
330.69861733756545, 195.92959297643972, 151.62013918208558
330.61063576775825, 195.97712447519856, 151.86351857028993
330.5224530893544, 196.02428182064466, 152.09654180475422
330.4340793507855, 196.07108013612026, 152.32021905527782
330.3455235899549, 196.11753309322427, 152.5355305612186
330.25679388949544, 196.16365293988892, 152.7434380275619
330.1678974198694, 196.209450512838, 152.96297836630427
330.0788261206177, 196.254907125664, 153.17345791701152
329.9895884351041, 196.30003622364052, 153.37579401896733
329.90019193605957, 196.34484990412514, 153.57088181900193
329.810643368323, 196.38935893709967, 153.77861789054714
329.72093401408114, 196.43354300392824, 153.97776043359536
329.63107163175795, 196.47741500232362, 154.16917724216236
329.5410631812759, 196.52098653938413, 154.37894023851402
329.45089581656487, 196.56422825929752, 154.57982516045516
329.3605773964297, 196.60715357798338, 154.77270417571782
329.2701149856611, 196.6497746084488, 154.99156254778356
329.1794904314725, 196.69204978057283, 155.20128623100715
329.08871174201556, 196.7339929509403, 155.4425486585498
328.9977572425827, 196.77555349753098, 155.67358988943153
328.90663589308286, 196.81674693954946, 155.93958360872583
328.8153242870524, 196.85751691139328, 156.19434906198703
328.72383230077776, 196.89788046484833, 156.4843723382165
328.6321371727968, 196.93778038345164, 156.762314992342
328.5402495693918, 196.97723501994074, 157.07188310848295
328.44815013549675, 197.0161926158138, 157.41017092722086
328.3558222933768, 197.05460575900037, 157.73394815563847
328.2632788547334, 197.09249654896394, 158.09206117137114
328.17050039830434, 197.1298081828418, 158.4349616422937
328.07750030422204, 197.16656389669257, 158.82350842830675
327.98425309451136, 197.20268809746125, 159.19567855236875
327.8907732054783, 197.23820584438252, 159.62956668119426
327.79702703143926, 197.27301467735688, 160.04526957920763
327.703030775573, 197.3071424356062, 160.54096611408403
327.6087427835846, 197.34045571474223, 161.015956162086
327.51418186302305, 197.3729861974093, 161.57868456043107
327.4193060113454, 197.40458639944092, 162.11799174255805
327.3241369241859, 197.43529217820048, 162.73976571402807
327.2286402281482, 197.46496339398087, 163.42520105252694
327.1327954142165, 197.49349007697057, 164.08123173299913
327.03663026245005, 197.52091750094237, 164.78108771851336
326.9401372726416, 197.54716827079457, 165.4986620864388
326.84332309329244, 197.57220853191444, 166.21468170249986
326.7462035562119, 197.5960369921515, 166.92593240190584
326.6487957110909, 197.61865803785838, 167.60715248350093
326.5511258033832, 197.6401193781793, 168.26122955889605
326.45321726678395, 197.66046436431827, 168.8909731508811
326.3550910347522, 197.6797320208249, 169.4991455134054
326.2567658157856, 197.69795703975956, 170.08849772563434
326.1582583366759, 197.71516972576273, 170.66181332602036
326.0595835575755, 197.7313958765537, 171.22196283534973
325.96075486238027, 197.74665657791422, 171.7719742237393
325.8617842277111, 197.76096788369614, 172.3151271461478
325.7626823737103, 197.77434033798085, 172.85508341705193
325.6634589000555, 197.7867782749432, 173.39607428051463
325.5641224112404, 197.7982787962309, 173.94317970678387
325.4646806367063, 197.80883026425704, 174.5027629135138
325.36514055479853, 197.81841003950456, 175.0831797723817
325.26550853704333, 197.82698098099456, 175.69600493656102
325.16579054673747, 197.83448580673283, 176.35830435431453
325.06599246975253, 197.84083748604664, 177.09723854377225
324.9661207779904, 197.84590159352652, 177.96055548036932
324.8661841215807, 197.84946034410055, 179.0448104312434
324.76619801770926, 197.85112738717365, 180.5925187470606
